version https://git-lfs.github.com/spec/v1
oid sha256:ba3f8e6eb0f9766b28c1dc59ce5e2bc2630a31065896ef0bb8936a703c7a9379
size 1658
